install.packages(EpiNow2)
install.packages("EpiNow2")
install.packages("covidregionaldata")
install.packages('devtools')
library(devtools)
install_github('sdellicour/seraphim/unix_OS')
install_github('~/Downloads/seraphim/unix_OS')
install_github('/Users/alvinhan/Downloads/seraphim/unix_OS')
devtools::install("~/Downloads/seraphim/unix_OS")
install.packages('terra')
install.packages('raster')
install.packages('raster')
install.packages('terra', repos='https://rspatial.r-universe.dev')
Sys.setenv("R_REMOTES_NO_ERRORS_FROM_WARNINGS" = "true")
remotes::install_github("rspatial/terra")
remotes::install_github("rspatial/terra")
Sys.setenv("R_REMOTES_NO_ERRORS_FROM_WARNINGS" = "true")
remotes::install_github("rspatial/terra")
remotes::install_github("rspatial/terra")
gal-config
echo $PATH
gdal-config
install.packages('terra', repos='https://rspatial.r-universe.dev')
ls
ls
install.packages('terra', repos='https://rspatial.r-universe.dev',)
remotes::install_github("rspatial/terra")
install.packages(c("raster", "Rcpp"))
getOption('timeout')
options(timeout=300)
install.packages('terra')
devtools::install("~/Downloads/seraphim/unix_OS")
install.packages(c('igraph', 'gdistance'))
remotes::install_github("igraph/rigraph@master")
install.packages("igraph")
library(igraph)
devtools::install("~/Downloads/seraphim/unix_OS")
install.packages("R0")
library(R0)
library(R0)
#Loading package
library(R0)
## Data is taken from the paper by Nishiura for key transmission parameters of an institutional
## outbreak during 1918 influenza pandemic in Germany)
data(Germany.1918)
mGT<-generation.time("gamma", c(3, 1.5))
mGT
est.R0.EG(Germany.1918, mGT, begin=1, end=27)
Germany.1918
Germany.1918
c(Germany.1918)
Germany.1918
data
dat <- c(43, 68, 100, 144, 195, 204, 150, 75, 71, 67, 31, 30, 26, 20, 12, 17, 11, 8, 5, 8, 5, 0, 4, 3, 4, 3, 1, 0, 0, 0, 0, 0, 0, 0, 0, 0, 0, 0, 0, 0, 0, 0, 1, 0, 0, 0, 0, 0, 0, 0, 0, 0, 0, 0, 0, 0, 0, 0, 0, 0, 0, 0, 0, 0, 0, 0, 0, 0, 0, 0, 0, 0, 0, 0, 0, 0, 0, 0, 0, 0, 0, 0, 0, 0, 0, 0, 0, 0, 0, 0)
est.R0.EG(dat, mGT, begin=1, end=27)
eneration.time
generation.time
?generation.time
mGT <- generation.time("empirical", val=c(5, 4, 6, 6, 5, 5, 5, 5, 3, 6, 6, 3, 2, 4, 5, 6, 5, 6, 5, 4, 4, 6, 5, 4, 6, 5, 4, 6, 4, 6, 5, 5, 5, 6, 5, 4, 4, 3, 4, 6, 4, 6, 5, 3, 5, 4, 5, 5, 6, 5, 5, 6, 5, 6, 4, 6, 6, 6, 4, 6, 5, 5, 4, 3, 5, 5, 5, 6, 5, 6, 6, 6, 4, 6, 4, 5, 5, 6, 3, 4, 5, 5, 3, 4, 6, 3, 4, 3, 3, 5, 5, 3, 4, 5, 4, 6, 4, 6, 5, 3, 5, 5, 5, 6, 6, 5, 6, 5, 6, 5, 5, 4, 6, 5, 3, 6, 5, 5, 4, 5, 6, 5, 5, 3, 6, 4, 4, 6, 6, 6, 6, 6, 6, 5, 5, 6, 4, 6, 5, 4, 4, 3, 3, 6, 3, 4, 6, 4, 4, 5, 5, 6, 4, 4, 6, 3, 5, 6, 5, 4, 4, 4, 4, 6, 4, 3, 3, 6, 6, 4, 6, 6, 5, 4, 3, 5, 2, 5, 4, 5, 5, 5, 5, 6, 4, 3, 5, 5, 5, 5, 6, 5, 6, 5, 3, 5, 3, 6, 5, 2, 6, 6, 4, 4, 3, 5, 5, 6, 5, 5, 3, 6, 5, 5, 6, 4, 5, 3, 4, 5, 6, 5, 5, 5, 6, 4, 4, 6, 6, 4, 4, 6, 4, 5, 5, 3, 3, 6, 6, 6, 6, 5, 5, 5, 3, 3, 6, 5, 6, 6, 4, 5, 2, 5, 6, 3, 4, 5, 4, 6, 6, 5, 4, 5, 6, 3, 4, 5, 6, 6, 6, 5, 6, 6, 3, 5, 6, 4, 4, 6, 5, 3, 5, 4, 4, 6, 4, 5, 4, 6, 6, 6, 6, 4, 6, 5, 4, 6, 4, 6, 5, 3, 5, 6, 5, 6, 4, 5, 5, 6, 6, 6, 5, 4, 6, 6, 6, 6, 6, 4, 5, 5, 6, 3, 5, 6, 5, 6, 4, 4, 5, 4, 5, 5, 5, 5, 5, 6, 5, 6, 5, 4, 6, 6, 6, 5, 6, 5, 3, 4, 5, 4, 4, 3, 4, 2, 5, 6, 4, 4, 6, 4, 5, 4, 5, 6, 4, 6, 4, 4, 4, 4, 4, 5, 6, 5, 5, 5, 6, 6, 5, 6, 4, 4, 4, 3, 6, 5, 5, 6, 6, 6, 5, 5, 3, 5, 4, 5, 5, 6, 6, 4, 4, 4, 5, 6, 4, 6, 6, 5, 6, 6, 5, 6, 5, 6, 4, 3, 3, 6, 6, 4, 5, 5, 4, 5, 4, 6, 6, 6, 3, 4, 5, 6, 6, 6, 6, 3, 6, 5, 3, 5, 5, 6, 5, 6, 6, 5, 4, 6, 4, 6, 3, 6, 5, 2, 4, 5, 4, 4, 6, 6, 3, 6, 3, 6, 4, 5, 4, 4, 5, 6, 6, 6, 6, 5, 6, 3, 5, 4, 6, 5, 6, 6, 6, 5, 5, 6, 5, 5, 4, 3, 4, 5, 5, 6, 5, 5, 4, 4, 4, 6, 5, 4, 6, 4, 4, 6, 4, 6, 5, 6, 4, 3, 5, 6, 4, 5, 5, 6, 6, 4, 6, 6, 5, 5, 3, 5, 6, 6, 5, 5, 5, 6, 6, 4, 2, 5, 5, 5, 6, 5, 3, 4, 6, 2, 5, 6, 3, 3, 5, 4, 4, 3, 6, 4, 6, 4, 4, 4, 3, 6, 5, 6, 6, 6, 5, 5, 5, 5, 3, 6, 6, 6, 6, 6, 4, 5, 5, 5, 2, 3, 6, 5, 5, 5, 6, 6, 2, 6, 6, 5, 4, 3, 6, 4, 2, 4, 4, 4, 5, 6, 4, 5, 3, 3, 4, 5, 4))
mGT
est.R0.EG(dat, mGT, begin=1, end=27)
mGT <- generation.time(type="empirical",
val=c(0.0, 0.0180623973727422, 0.10344827586206896, 0.22824302134646962, 0.32019704433497537, 0.33004926108374383))
est.R0.EG(dat, mGT, begin=1, end=27)
mGT <- generation.time(type="empirical",
val=c(0., 0.0, 0.0180623973727422, 0.10344827586206896, 0.22824302134646962, 0.32019704433497537, 0.33004926108374383))
est.R0.EG(dat, mGT, begin=1, end=27)
GT.chld.hsld1<-generation.time("empirical", c(0,0.25,0.2,0.15,0.1,0.09,0.05,0.01))
plot(GT.chld.hsld1, col="green")
plot(mGT, col="green")
dat <- c(43, 68, 100, 144, 195, 204, 150, 75, 71, 67, 31, 30, 26, 20, 12, 17, 11, 8, 5, 8, 5, 0, 4, 3, 4, 3, 1, 0, 0, 0, 0, 0, 0, 0, 0, 0, 0, 0, 0, 0, 0, 0, 1, 0, 0, 0, 0, 0, 0, 0, 0, 0, 0, 0, 0, 0, 0, 0, 0, 0, 0, 0, 0, 0, 0, 0, 0, 0, 0, 0, 0, 0, 0, 0, 0, 0, 0, 0, 0, 0, 0, 0, 0, 0, 0, 0, 0, 0, 0, 0)
mGT <- generation.time(type="empirical",
val=c(0., 0.0, 0.0180623973727422, 0.10344827586206896, 0.22824302134646962, 0.32019704433497537, 0.33004926108374383))
est.R0.EG(dat, mGT, begin=1, end=27)
est.R0.EG(dat, mGT, begin=1, end=90)
?est.R0.EG
#Loading package
library(R0)
dat <- c(43, 68, 100, 144, 195, 204, 150, 75, 71, 67, 31, 30, 26, 20, 12, 17, 11, 8, 5, 8, 5, 0, 4, 3, 4, 3, 1, 0, 0, 0, 0, 0, 0, 0, 0, 0, 0, 0, 0, 0, 0, 0, 1, 0, 0, 0, 0, 0, 0, 0, 0, 0, 0, 0, 0, 0, 0, 0, 0, 0, 0, 0, 0, 0, 0, 0, 0, 0, 0, 0, 0, 0, 0, 0, 0, 0, 0, 0, 0, 0, 0, 0, 0, 0, 0, 0, 0, 0, 0, 0)
mGT <- generation.time(type="empirical",
val=c(0., 0.0, 0.0180623973727422, 0.10344827586206896, 0.22824302134646962, 0.32019704433497537, 0.33004926108374383))
est.R0.EG(dat, mGT, begin=1, end=90)
#Loading package
library(R0)
dat <- c(43, 68, 100, 144, 195, 204, 150, 75, 71, 67, 31, 30, 26, 20, 12, 17, 11, 8, 5, 8, 5, 0, 4, 3, 4, 3, 1, 0, 0, 0, 0, 0, 0, 0, 0, 0, 0, 0, 0, 0, 0, 0, 1, 0, 0, 0, 0, 0, 0, 0, 0, 0, 0, 0, 0, 0, 0, 0, 0, 0, 0, 0, 0, 0, 0, 0, 0, 0, 0, 0, 0, 0, 0, 0, 0, 0, 0, 0, 0, 0, 0, 0, 0, 0, 0, 0, 0, 0, 0, 0)
mGT <- generation.time(type="empirical",
val=c(0., 0.0, 0.0180623973727422, 0.10344827586206896, 0.22824302134646962, 0.32019704433497537, 0.33004926108374383))
est.R0.EG(dat, mGT, begin=1, end=30)
mGT <- generation.time(type="empirical",
val=c(0.0, 0.0007369196757553427, 0.01105379513633014, 0.058953574060427415, 0.13190862196020633, 0.19233603537214444, 0.19454679439941047, 0.13780397936624908, 0.07221812822402358, 0.05232129697862933, 0.0449521002210759, 0.025055268975681652, 0.01915991156963891, 0.018422991893883568, 0.005158437730287398, 0.007369196757553427, 0.007369196757553427, 0.0029476787030213707, 0.004421518054532056, 0.0014738393515106854, 0.004421518054532056, 0.0007369196757553427, 0.0, 0.0007369196757553427, 0.0, 0.002210759027266028, 0.0007369196757553427, 0.0, 0.0, 0.0, 0.0, 0.0, 0.0014738393515106854, 0.0, 0.0, 0.0, 0.0, 0.0007369196757553427, 0.0, 0.0, 0.0, 0.0007369196757553427))
est.R0.EG(dat, mGT, begin=1, end=30)
#Loading package
library(R0)
dat <- c(43, 68, 100, 144, 195, 204, 150, 75, 71, 67, 31, 30, 26, 20, 12, 17, 11, 8, 5, 8, 5, 0, 4, 3, 4, 3, 1, 0, 0, 0, 0, 0, 0, 0, 0, 0, 0, 0, 0, 0, 0, 0, 1, 0, 0, 0, 0, 0, 0, 0, 0, 0, 0, 0, 0, 0, 0, 0, 0, 0, 0, 0, 0, 0, 0, 0, 0, 0, 0, 0, 0, 0, 0, 0, 0, 0, 0, 0, 0, 0, 0, 0, 0, 0, 0, 0, 0, 0, 0, 0)
mGT <- generation.time(type="empirical",
val=c(0.0, 0.0007369196757553427, 0.01105379513633014, 0.058953574060427415, 0.13190862196020633, 0.19233603537214444, 0.19454679439941047, 0.13780397936624908, 0.07221812822402358, 0.05232129697862933, 0.0449521002210759, 0.025055268975681652, 0.01915991156963891, 0.018422991893883568, 0.005158437730287398, 0.007369196757553427, 0.007369196757553427, 0.0029476787030213707, 0.004421518054532056, 0.0014738393515106854, 0.004421518054532056, 0.0007369196757553427, 0.0, 0.0007369196757553427, 0.0, 0.002210759027266028, 0.0007369196757553427, 0.0, 0.0, 0.0, 0.0, 0.0, 0.0014738393515106854, 0.0, 0.0, 0.0, 0.0, 0.0007369196757553427, 0.0, 0.0, 0.0, 0.0007369196757553427))
est.R0.EG(dat, mGT, begin=1, end=30)
est.R0.EG(dat, mGT, begin=1, end=10)
est.R0.EG(dat, mGT, begin=1, end=20)
est.R0.EG(dat, mGT, begin=1, end=30)
mGT <- generation.time(type="empirical",
val=c(0.0, 0.0, 0.012998266897746967, 0.0632582322357019, 0.134315424610052, 0.1949740034662045, 0.1923743500866551, 0.13951473136915077, 0.0684575389948007, 0.05285961871750433, 0.045060658578856154, 0.025996533795493933, 0.018197573656845753, 0.014731369150779897, 0.005199306759098787, 0.005199306759098787, 0.00779896013864818, 0.0034662045060658577, 0.004332755632582322, 0.0017331022530329288, 0.0034662045060658577, 0.0008665511265164644, 0.0, 0.0008665511265164644, 0.0, 0.0025996533795493936, 0.0008665511265164644, 0.0, 0.0, 0.0, 0.0, 0.0, 0.0, 0.0, 0.0, 0.0, 0.0, 0.0008665511265164644))
est.R0.EG(dat, mGT, begin=1, end=30)
#Loading package
library(R0)
dat <- c(43, 68, 100, 144, 195, 204, 150, 75, 71, 67, 31, 30, 26, 20, 12, 17, 11, 8, 5, 8, 5, 0, 4, 3, 4, 3, 1, 0, 0, 0, 0, 0, 0, 0, 0, 0, 0, 0, 0, 0, 0, 0, 1, 0, 0, 0, 0, 0, 0, 0, 0, 0, 0, 0, 0, 0, 0, 0, 0, 0, 0, 0, 0, 0, 0, 0, 0, 0, 0, 0, 0, 0, 0, 0, 0, 0, 0, 0, 0, 0, 0, 0, 0, 0, 0, 0, 0, 0, 0, 0)
mGT <- generation.time(type="empirical",
val=c(0.0, 0.0, 0.012998266897746967, 0.0632582322357019, 0.134315424610052, 0.1949740034662045, 0.1923743500866551, 0.13951473136915077, 0.0684575389948007, 0.05285961871750433, 0.045060658578856154, 0.025996533795493933, 0.018197573656845753, 0.014731369150779897, 0.005199306759098787, 0.005199306759098787, 0.00779896013864818, 0.0034662045060658577, 0.004332755632582322, 0.0017331022530329288, 0.0034662045060658577, 0.0008665511265164644, 0.0, 0.0008665511265164644, 0.0, 0.0025996533795493936, 0.0008665511265164644, 0.0, 0.0, 0.0, 0.0, 0.0, 0.0, 0.0, 0.0, 0.0, 0.0, 0.0008665511265164644))
est.R0.EG(dat, mGT, begin=1, end=30)
est.R0.EG(dat, mGT, begin=1, end=7)
est.R0.EG(dat, mGT, begin=1, end=10)
mGT
#Loading package
library(R0)
dat <- c(43, 68, 100, 144, 195, 204, 150, 75, 71, 67, 31, 30, 26, 20, 12, 17, 11, 8, 5, 8, 5, 0, 4, 3, 4, 3, 1, 0, 0, 0, 0, 0, 0, 0, 0, 0, 0, 0, 0, 0, 0, 0, 1, 0, 0, 0, 0, 0, 0, 0, 0, 0, 0, 0, 0, 0, 0, 0, 0, 0, 0, 0, 0, 0, 0, 0, 0, 0, 0, 0, 0, 0, 0, 0, 0, 0, 0, 0, 0, 0, 0, 0, 0, 0, 0, 0, 0, 0, 0, 0)
mGT <- generation.time(type="empirical",
val=c(0.0, 0.0, 0.012998266897746967, 0.0632582322357019, 0.134315424610052, 0.1949740034662045, 0.1923743500866551, 0.13951473136915077, 0.0684575389948007, 0.05285961871750433, 0.045060658578856154, 0.025996533795493933, 0.018197573656845753, 0.014731369150779897, 0.005199306759098787, 0.005199306759098787, 0.00779896013864818, 0.0034662045060658577, 0.004332755632582322, 0.0017331022530329288, 0.0034662045060658577, 0.0008665511265164644, 0.0, 0.0008665511265164644, 0.0, 0.0025996533795493936, 0.0008665511265164644, 0.0, 0.0, 0.0, 0.0, 0.0, 0.0, 0.0, 0.0, 0.0, 0.0, 0.0008665511265164644))
est <- est.R0.EG(dat, mGT, begin=1, end=10)
est.Rsquared
est
est.r
est
est$r
est <- est.R0.EG(dat, mGT, begin=1, end=30)
est$r
#Loading package
library(R0)
dat <- c(43, 68, 100, 144, 195, 204, 150, 75, 71, 67, 31, 30, 26, 20, 12, 17, 11, 8, 5, 8, 5, 0, 4, 3, 4, 3, 1, 0, 0, 0, 0, 0, 0, 0, 0, 0, 0, 0, 0, 0, 0, 0, 1, 0, 0, 0, 0, 0, 0, 0, 0, 0, 0, 0, 0, 0, 0, 0, 0, 0, 0, 0, 0, 0, 0, 0, 0, 0, 0, 0, 0, 0, 0, 0, 0, 0, 0, 0, 0, 0, 0, 0, 0, 0, 0, 0, 0, 0, 0, 0)
mGT <- generation.time(type="empirical",
val=c(0.0, 0.0, 0.012998266897746967, 0.0632582322357019, 0.134315424610052, 0.1949740034662045, 0.1923743500866551, 0.13951473136915077, 0.0684575389948007, 0.05285961871750433, 0.045060658578856154, 0.025996533795493933, 0.018197573656845753, 0.014731369150779897, 0.005199306759098787, 0.005199306759098787, 0.00779896013864818, 0.0034662045060658577, 0.004332755632582322, 0.0017331022530329288, 0.0034662045060658577, 0.0008665511265164644, 0.0, 0.0008665511265164644, 0.0, 0.0025996533795493936, 0.0008665511265164644, 0.0, 0.0, 0.0, 0.0, 0.0, 0.0, 0.0, 0.0, 0.0, 0.0, 0.0008665511265164644))
est <- est.R0.EG(dat, mGT, begin=1, end=30)
est$r
est$Rsquared
#Loading package
library(R0)
dat <- c(43, 68, 100, 144, 195, 204, 150, 75, 71, 67, 31, 30, 26, 20, 12, 17, 11, 8, 5, 8, 5, 0, 4, 3, 4, 3, 1, 0, 0, 0, 0, 0, 0, 0, 0, 0, 0, 0, 0, 0, 0, 0, 1, 0, 0, 0, 0, 0, 0, 0, 0, 0, 0, 0, 0, 0, 0, 0, 0, 0, 0, 0, 0, 0, 0, 0, 0, 0, 0, 0, 0, 0, 0, 0, 0, 0, 0, 0, 0, 0, 0, 0, 0, 0, 0, 0, 0, 0, 0, 0)
mGT <- generation.time(type="empirical",
val=c(0.0, 0.0, 0.012998266897746967, 0.0632582322357019, 0.134315424610052, 0.1949740034662045, 0.1923743500866551, 0.13951473136915077, 0.0684575389948007, 0.05285961871750433, 0.045060658578856154, 0.025996533795493933, 0.018197573656845753, 0.014731369150779897, 0.005199306759098787, 0.005199306759098787, 0.00779896013864818, 0.0034662045060658577, 0.004332755632582322, 0.0017331022530329288, 0.0034662045060658577, 0.0008665511265164644, 0.0, 0.0008665511265164644, 0.0, 0.0025996533795493936, 0.0008665511265164644, 0.0, 0.0, 0.0, 0.0, 0.0, 0.0, 0.0, 0.0, 0.0, 0.0, 0.0008665511265164644))
est <- est.R0.EG(dat, mGT, begin=1, end=10)
est$Rsquared
#Loading package
library(R0)
dat <- c(43, 68, 100, 144, 195, 204, 150, 75, 71, 67, 31, 30, 26, 20, 12, 17, 11,
8, 5, 8, 5, 0, 4, 3, 4, 3, 1, 0, 0, 0, 0, 0, 0, 0, 0, 0, 0, 0, 0, 0, 0,
0, 1, 0, 0, 0, 0, 0, 0, 0, 0, 0, 0, 0, 0, 0, 0, 0, 0, 0, 0, 0, 0, 0, 0,
0, 0, 0, 0, 0, 0, 0, 0, 0, 0, 0, 0, 0, 0, 0, 0, 0, 0, 0, 0, 0, 0, 0, 0, 0)
mGT <- generation.time(type="empirical",
val=c(0.0, 0.0, 0.012998266897746967, 0.0632582322357019,
0.134315424610052, 0.1949740034662045, 0.1923743500866551,
0.13951473136915077, 0.0684575389948007, 0.05285961871750433,
0.045060658578856154, 0.025996533795493933, 0.018197573656845753,
0.014731369150779897, 0.005199306759098787, 0.005199306759098787,
0.00779896013864818, 0.0034662045060658577, 0.004332755632582322,
0.0017331022530329288, 0.0034662045060658577, 0.0008665511265164644,
0.0, 0.0008665511265164644, 0.0, 0.0025996533795493936,
0.0008665511265164644, 0.0, 0.0, 0.0, 0.0, 0.0, 0.0, 0.0, 0.0, 0.0,
0.0, 0.0008665511265164644))
est <- est.R0.EG(dat, mGT, begin=1, end=10)
est$Rsquared
#Loading package
library(R0)
dat <- c(0, 43, 68, 100, 144, 195, 204, 150, 75, 71, 67, 31, 30, 26, 20, 12, 17, 11,
8, 5, 8, 5, 0, 4, 3, 4, 3, 1, 0, 0, 0, 0, 0, 0, 0, 0, 0, 0, 0, 0, 0, 0,
0, 1, 0, 0, 0, 0, 0, 0, 0, 0, 0, 0, 0, 0, 0, 0, 0, 0, 0, 0, 0, 0, 0, 0,
0, 0, 0, 0, 0, 0, 0, 0, 0, 0, 0, 0, 0, 0, 0, 0, 0, 0, 0, 0, 0, 0, 0, 0, 0)
mGT <- generation.time(type="empirical",
val=c(0.0, 0.0, 0.012998266897746967, 0.0632582322357019,
0.134315424610052, 0.1949740034662045, 0.1923743500866551,
0.13951473136915077, 0.0684575389948007, 0.05285961871750433,
0.045060658578856154, 0.025996533795493933, 0.018197573656845753,
0.014731369150779897, 0.005199306759098787, 0.005199306759098787,
0.00779896013864818, 0.0034662045060658577, 0.004332755632582322,
0.0017331022530329288, 0.0034662045060658577, 0.0008665511265164644,
0.0, 0.0008665511265164644, 0.0, 0.0025996533795493936,
0.0008665511265164644, 0.0, 0.0, 0.0, 0.0, 0.0, 0.0, 0.0, 0.0, 0.0,
0.0, 0.0008665511265164644))
est <- est.R0.EG(dat, mGT, begin=1, end=10)
est$Rsquared
#Loading package
library(R0)
dat <- c(0, 43, 68, 100, 144, 195, 204, 150, 75, 71, 67, 31, 30, 26, 20, 12, 17, 11,
8, 5, 8, 5, 0, 4, 3, 4, 3, 1, 0, 0, 0, 0, 0, 0, 0, 0, 0, 0, 0, 0, 0, 0,
0, 1, 0, 0, 0, 0, 0, 0, 0, 0, 0, 0, 0, 0, 0, 0, 0, 0, 0, 0, 0, 0, 0, 0,
0, 0, 0, 0, 0, 0, 0, 0, 0, 0, 0, 0, 0, 0, 0, 0, 0, 0, 0, 0, 0, 0, 0, 0, 0)
mGT <- generation.time(type="empirical",
val=c(0.0, 0.0, 0.012998266897746967, 0.0632582322357019,
0.134315424610052, 0.1949740034662045, 0.1923743500866551,
0.13951473136915077, 0.0684575389948007, 0.05285961871750433,
0.045060658578856154, 0.025996533795493933, 0.018197573656845753,
0.014731369150779897, 0.005199306759098787, 0.005199306759098787,
0.00779896013864818, 0.0034662045060658577, 0.004332755632582322,
0.0017331022530329288, 0.0034662045060658577, 0.0008665511265164644,
0.0, 0.0008665511265164644, 0.0, 0.0025996533795493936,
0.0008665511265164644, 0.0, 0.0, 0.0, 0.0, 0.0, 0.0, 0.0, 0.0, 0.0,
0.0, 0.0008665511265164644))
est <- est.R0.EG(dat, mGT, begin=1, end=10)
est
est$Rsquared
library('seraphim')
library('diagram')
library('lubridate')
library('stringr')
# set local working directory
setwd('~/Dropbox/github_repo/covid19_nl_w2/new_analysis_20211010/nl_sars-cov-2_genomic_epi_2022/')
source("mccExtractions.r")
# 1. Extracting the spatio-temporal information embedded in posterior trees
Alpha_localTreesDirectory = "Alpha_Extracted_trees"
Alpha_mostRecentSamplingDatum = 2021.641096 # alpha
Delta_localTreesDirectory = "Delta_Extracted_trees"
Delta_mostRecentSamplingDatum = 2021.663014 # delta
nberOfTreesToSample = 1000
treeExtractionsWrapper = function(localTreesDirectory, allTrees, nberOfTreesToSample, mostRecentSamplingDatum){
burnIn = 1000 # number of trees to discard as burn-in (NOT states)
randomSampling = FALSE
coordinateAttributeName = "location"
nberOfCores = 8
treeExtractions(localTreesDirectory, allTrees, burnIn, randomSampling,
nberOfTreesToSample, mostRecentSamplingDatum, coordinateAttributeName,
nberOfCores)
}
Alpha_mcc_tree = readAnnotatedNexus("./trees/nl_sampled_alpha_cauchyRRW.mcc.tre")
Delta_mcc_tree = readAnnotatedNexus("./trees/nl_sampled_delta_cauchyRRW.mcc.tre")
